Fleet 1 [0 1] [0 224] 2048 [0 28 1 0 35 1 0 0 11 3 0 0 0 0 113 113 0 0] 8 0 0 256 [0 0 3 3 3]
Trader 1 [0 0] [0 207] 39424 [0 8 1 1 67 0 0 0 0 0 0 0 61 0 107 110 0 0] 15 0 0 256 [0 0 3 3 3]
Trader 2 [0 0] [0 64] 0 [0 14 1 1 76 0 0 0 0 0 0 0 68 0 0 0 0 0] 15 0 0 256 [0 0 3 3 3]
Trader 3 [0 0] [0 183] 8960 [0 12 1 1 67 0 0 0 0 0 0 0 68 0 72 72 0 0] 15 0 0 256 [0 0 3 3 3]
Trader 4 [0 0] [0 27] 53760 [0 10 3 0 0 0 0 0 0 0 0 0 68 0 61 56 0 0] 15 0 0 256 [0 0 3 3 3]
Trader 5 [0 0] [0 208] 57344 [0 12 3 0 0 0 0 0 0 0 0 0 64 0 72 72 0 0] 15 0 0 256 [0 0 3 3 3]
Trader 6 [0 0] [0 224] 15360 [0 8 3 0 0 0 0 0 0 0 0 0 76 0 75 75 0 0] 15 0 0 256 [0 0 3 3 3]
Trader 7 [0 0] [0 184] 22528 [0 10 3 0 0 0 0 0 0 0 0 0 67 0 61 68 0 0] 15 0 0 256 [0 0 3 3 3]
Trader 8 [0 0] [0 160] 0 [0 14 3 0 0 0 0 0 0 0 0 0 76 0 84 84 0 0] 15 0 0 256 [0 0 3 3 3]
Pirate [1 0] [0 104] 40960 [0 30 3 0 0 0 0 0 0 0 0 0 0 0 72 72 0 0] 10 0 0 0 [0 0 3 3 3]
Pirate [1 0] [0 152] 28672 [0 30 3 0 0 0 0 0 0 0 0 0 0 0 72 72 0 0] 20 0 0 0 [0 0 3 3 3]
Pirate [1 0] [0 152] 16384 [0 30 3 0 0 0 0 0 0 0 0 0 0 0 80 80 0 0] 15 0 0 256 [0 0 3 3 3]
Pirate [1 0] [0 27] 47616 [0 30 3 0 0 0 0 0 0 0 0 0 0 0 84 84 0 0] 10 0 0 0 [0 0 3 3 3]
Pirate [1 0] [0 152] 57344 [0 30 3 0 0 0 0 0 0 0 0 0 0 0 0 0 0 0] 50 0 0 512 [0 0 3 3 3]
Garthog pir [1 0] [0 152] 45056 [0 32 3 0 0 0 0 0 0 0 0 0 0 0 67 67 0 0] 7 0 0 0 [0 0 3 3 3]
Garthog pir [1 0] [0 152] 32768 [0 32 3 0 0 0 0 0 0 0 0 0 0 0 72 75 0 0] 11 0 0 512 [0 0 3 3 3]
Garthog pir [1 0] [0 152] 20480 [0 32 3 0 0 0 0 0 0 0 0 0 0 0 64 64 0 0] 12 0 0 256 [0 0 3 3 3]
Transport [1 0] [0 56] 40960 [0 12 3 0 0 0 0 0 0 0 0 0 0 0 71 71 0 0] 15 0 0 257 [0 0 3 3 3]
Pirate [1 0] [0 8] 40960 [0 30 3 0 0 0 0 0 0 0 0 0 0 0 61 61 0 0] 15 0 0 0 [0 0 3 3 3]
Rebel pirate [1 0] [0 200] 28672 [0 30 3 0 0 0 0 0 0 0 0 0 0 0 75 75 0 0] 5 0 0 0 [0 0 3 3 3]
Rebel pirate [3 0] [0 56] 28672 [0 30 3 0 0 0 0 0 0 0 0 0 0 0 64 64 0 0] 20 0 0 0 [0 0 3 3 3]
Pirate [1 0] [0 200] 28672 [0 30 3 0 0 0 0 0 0 0 0 0 0 0 0 0 0 0] 10 0 0 0 [0 0 3 3 3]
Flagship [1 0] [0 56] 16384 [0 24 3 0 0 0 0 0 0 0 0 0 0 0 0 0 0 0] 22 0 5 513 [0 0 3 3 3]
Garthog 1 [1 0] [0 8] 16384 [0 10 3 0 0 0 0 0 0 0 0 0 0 0 64 64 0 0] 7 0 0 0 [0 0 3 3 3]
Garthog gr 1 [1 0] [0 232] 59392 [0 26 3 0 0 0 0 0 0 0 0 0 0 0 61 61 0 0] 58 5 18 1027 [0 0 3 3 3]
Garthog gr 2 [2 0] [0 16] 51200 [0 26 3 0 0 0 0 0 0 0 0 0 0 0 100 90 0 0] 64 11 18 1283 [0 0 3 3 3]
Unknown [2 0] [0 32] 36864 [0 10 3 0 0 0 0 0 0 0 0 0 0 0 61 61 0 0] 15 0 0 256 [0 0 3 3 3]
Governor [1 0] [0 32] 36864 [0 10 3 0 0 0 0 0 0 0 0 0 0 0 71 71 0 0] 5 0 0 256 [0 0 3 3 3]
Benson adm [1 0] [0 8] 4096 [0 6 3 0 0 0 0 0 0 0 0 0 0 0 0 0 0 0] 16 0 5 257 [0 0 3 3 3]
Garthog 2 [2 0] [0 8] 45056 [0 32 3 0 0 0 0 0 0 0 0 0 0 0 0 0 0 0] 28 0 6 769 [0 0 3 3 3]
Money trn [1 0] [0 24] 40960 [0 8 3 0 0 0 0 0 0 0 0 0 0 0 61 64 0 0] 15 0 0 257 [0 0 3 3 3]
Pirate [1 0] [0 8] 16384 [0 32 3 0 0 0 0 0 0 0 0 0 0 0 63 0 0 0] 14 0 0 512 [0 0 3 3 3]
Prototype [2 0] [0 248] 12288 [0 10 3 0 0 0 0 0 0 0 0 0 0 0 73 0 0 0] 50 0 12 1282 [0 0 3 3 3]
Virus trn [2 0] [0 192] 12288 [0 6 3 0 0 0 0 0 0 0 0 0 0 0 73 0 0 0] 15 0 0 768 [0 0 3 3 3]
Garthog gr 3 [2 0] [0 16] 51200 [0 27 3 0 0 0 0 0 0 0 0 0 0 0 63 0 0 0] 30 23 6 769 [0 0 3 3 3]
Unknown [2 0] [0 32] 36864 [0 10 3 0 0 0 0 0 0 0 0 0 0 0 63 0 0 0] 5 0 0 256 [0 0 3 3 3]
Prisoner [1 0] [0 32] 36864 [0 15 3 0 0 0 0 0 0 0 0 0 0 0 65 0 0 0] 30 0 5 257 [0 0 3 3 3]
Prototype [1 0] [0 8] 0 [0 5 3 0 0 0 0 0 0 0 0 0 0 0 65 0 0 0] 5 0 0 256 [0 0 3 3 3]
Garthog [2 0] [0 8] 16384 [0 32 3 0 0 0 0 0 0 0 0 0 0 0 63 0 0 0] 30 0 6 769 [0 0 3 3 3]
Garthog flt [5 0] [0 194] 19968 [0 32 1 1 63 0 0 0 0 0 0 0 0 0 63 0 0 0] 54 0 12 1282 [0 0 3 3 3]
